
[API_Monitor] - Cannot find org.apache.http.impl.client.AbstractHttpClient.execute
[API_Monitor] - Cannot find com.android.okhttp.internal.http.HttpURLConnectionImpl.getInputStream
[API_Monitor] - Cannot find org.java_websocket.client.WebSocketClient.$init
[API_Monitor] - Cannot find org.java_websocket.client.WebSocketClient.send
[API_Monitor]
{
  "category": "Base64 encode/decode",
  "class": "android.util.Base64",
  "method": "encode",
  "args": "[[76,-53,92,91,-62,-120,22,-52,111,56,48,-24,108,2,114,-56,53,1,84,12,-18,59,98,-127,-87,10,-95,-64,90,79,127,71,4,33,89,-22,-78,-25,-51,-61,106,-118,-88,102,-17,-52,-61,-127,-33,42,-104,-84,-45,-118,-118,99,-105,-98,33,-116,-92,13,-41,-50,-79,65,87,-98,70,-34,10,-24,100,-22,28,82,121,-115,115,-20,0,13,57,-81,-12,95,-34,19,7,-8,7,51,96,-123,119,55,-124,-82,4,-29,-41,46,114,71,14,-28,-97,52,-89,-63,19,110,95,37,-26,-61,-94,92,-79,0,11,-71,15,114,92,98,-20,-85,-25,-116,33,44,109,9,-126,-85,43,-62,3,44,118,35,-46,85,109,-110,8,5,-33,-4,70,120,42,26,-53,-46,-94,101,54,-111,69,-116,7,49,-50,38,-116,77,-32,-36,82,-74,103,-32,89,10,47,78,92,102,59,-57,94,121,90,95,125,62,-7,-10,-34,2,-127,-89,-40,80,95,59,66,-36,-100,-53,-63,-29,-41,-108,69,105,-99,-28,45,63,48,-54,92,4,-115,49,101,79,-84,15,-47,40,-15,94,-4,-121,61,-9,-6,-17,83,12,112,55,58,-26,18,-83,-41,-88,-28,81,-12,19,-86,-85,125,-14,-106,-81,-29,-56,16,16,-73,59,83,38,-102,-58,-2,-87,71,108,125,45,-21,84,-56,25,-96,102,-88,65,-54,2,58,114,122,76,-77,-39,-32,-81,-63,55,112,-8,44,-87,37,71,37,85,9,118,12,-107,-47,-67,-1,43,-34,1,88,-65,110,113,-2,-30,-94,75,22,65,24,59,-43,76,-89,-12,-35,-54,-37,-128,38,99,-85,61,61,32,-51,-24,-21,26,-81,58,-89,44,-91,63,57,-37,-47,63,-12,-122,94,-2,22,110,45,57,71,120,-109,21,-72,-28,-82,74,-17,74,-8,-41,-12,83,7,52,-62,-91,-20,23,117,-7,47,-113,-93,93,76,-109,-74,-126,-99,116,91,-29,40,-31,5,51,58,-32,-30,100,-6,-34,-61,119,-70,21,-92,-1,-36,-32,110,71,56,-19,96,-57,27,-70,68,40,46,31,-31,4,53,40,-6,55,58,33,-97,40,-99,53,25,31,117,95,54,-80,118,-78,-48,-16,-19,-45,23,-29,17,-55,16,-71,123,-22,-97,48,120,-21,-53,44,30,46,62,-121,-93,52,-109,20,29,-35,1,-65,-99,-15,121,-43,-40,-108,59,-33,-43,-55,-59,-34,55,-91,113,111,-25,-117,-51,-75,-127,40,100,-41,-88,-26,-75,61,31,-127,60,-77,97,-109,-103,113,-8,-90,37,1,-20,114,83,-95,-62,-78,-42,-39,-20,89,-23,-118,-93,58,0,9,119,21,30,56,-75,-33,-20,57,-25,14,-10,75,-62,-121,-11,-56,-19,77,-38,-20,126,118,-49,19,109,127,-1,-98,-80,64,37,-75,98,-76,-34,-107,127,-17,-49,-101,-124,44,116,114,-115,-112,44,7,31,16,-73,-95,81,65,80,30,2,-53,122,-44,42,63,122,24,12,98,83,-94,72,110,5,39,87,-3,-113,-53,-14,-98,-13,-97,54,-86,3,-85,-96,28,-10,-36,79,60,-117,119,6,127,-105,116,116,-50,62,-63,81,-88,11,-108,94,55,-92,-6,82,25,40,-36,116,-128,-98,-77,-84,-74,-75,99,113,63,100,77,96,-1,-34,-84,-51,-65,48,88,74,83,-110,66,56,63,-111,122,73,109,-63,-77,64,66,-57,-102,-60,-28,86,-118,-111,-53,2,94,85,42,-63,-108,4,65,-21,-87,-26,-101,-107,-125,-90,59,-24,-91,-49,-54,49,-61,-111,-55,68,-5,126,-68,19,9,89,96,-85,-38,-39,-122,-109,-126,-121,122,-123,31,-76,52,94,-81,-23,35,-128,53,27,43,-123,-34,-9,45,-25,-43,-28,57,-124,94,-81,-82,46,-19,29,-76,71,-93,-50,101,-32,74,-94,-49,-70,-49,-61,29,-37,47,-59,44,-53,-71,-108,-48,55,101,0,46,76,-1,122,91,-38,-21,-99,110,105,108,-60,97,3,3,57,-41,106,-15,84,-36,-83,-102,90,123,-27,-90,93,24,2,37,-36,-45,-122,-97,-44,72,-40,-113,59,17,-73,-20,69,14,110,-128,-109,-27,1,-65,58,73,-10,51,7,-126,-88,84,117,75,6,100,24,-106,22,-107,125,-86,-31,122,104,-87,-44,71,88,2,-67,100,11,-84,-4,62,5,69,-128,105,32,-88,-41,-109,-66,28,-59,21,73,-42,-88,69,-56,111,-90,29,81,-60,-59,-42,-15,80,-77,-10,-85,125,-98,57,-118,118,63,58,83,-124,96,-40,-38,-51,-26,-120,-2,-34,87,-73,19,-81,77,-11,-17,93,95,45,-69,114,30,46,11,121,115,105,-125,14,92,-49,105,-21,-83,-56,-30,-32,-62,-13,45,-95,-51,99,20,-99,-24,-113],0,936,8]",
  "returnValue": "84,77,116,99,87,56,75,73,70,115,120,118,79,68,68,111,98,65,74,121,121,68,85,66,86,65,122,117,79,50,75,66,113,81,113,104,119,70,112,80,102,48,99,69,73,86,110,113,115,117,102,78,119,50,113,75,113,71,98,118,122,77,79,66,51,121,113,89,114,78,79,75,105,109,79,88,10,110,105,71,77,112,65,51,88,122,114,70,66,86,53,53,71,51,103,114,111,90,79,111,99,85,110,109,78,99,45,119,65,68,84,109,118,57,70,95,101,69,119,102,52,66,122,78,103,104,88,99,51,104,75,52,69,52,57,99,117,99,107,99,79,53,74,56,48,112,56,69,84,98,108,56,108,10,53,115,79,105,88,76,69,65,67,55,107,80,99,108,120,105,55,75,118,110,106,67,69,115,98,81,109,67,113,121,118,67,65,121,120,50,73,57,74,86,98,90,73,73,66,100,95,56,82,110,103,113,71,115,118,83,111,109,85,50,107,85,87,77,66,122,72,79,74,111,120,78,52,78,120,83,10,116,109,102,103,87,81,111,118,84,108,120,109,79,56,100,101,101,86,112,102,102,84,55,53,57,116,52,67,103,97,102,89,85,70,56,55,81,116,121,99,121,56,72,106,49,53,82,70,97,90,51,107,76,84,56,119,121,108,119,69,106,84,70,108,84,54,119,80,48,83,106,120,88,118,121,72,10,80,102,102,54,55,49,77,77,99,68,99,54,53,104,75,116,49,54,106,107,85,102,81,84,113,113,116,57,56,112,97,118,52,56,103,81,69,76,99,55,85,121,97,97,120,118,54,112,82,50,120,57,76,101,116,85,121,66,109,103,90,113,104,66,121,103,73,54,99,110,112,77,115,57,110,103,10,114,56,69,51,99,80,103,115,113,83,86,72,74,86,85,74,100,103,121,86,48,98,51,95,75,57,52,66,87,76,57,117,99,102,55,105,111,107,115,87,81,82,103,55,49,85,121,110,57,78,51,75,50,52,65,109,89,54,115,57,80,83,68,78,54,79,115,97,114,122,113,110,76,75,85,95,10,79,100,118,82,80,95,83,71,88,118,52,87,98,105,48,53,82,51,105,84,70,98,106,107,114,107,114,118,83,118,106,88,57,70,77,72,78,77,75,108,55,66,100,49,45,83,45,80,111,49,49,77,107,55,97,67,110,88,82,98,52,121,106,104,66,84,77,54,52,79,74,107,45,116,55,68,10,100,55,111,86,112,80,95,99,52,71,53,72,79,79,49,103,120,120,117,54,82,67,103,117,72,45,69,69,78,83,106,54,78,122,111,104,110,121,105,100,78,82,107,102,100,86,56,50,115,72,97,121,48,80,68,116,48,120,102,106,69,99,107,81,117,88,118,113,110,122,66,52,54,56,115,115,10,72,105,52,45,104,54,77,48,107,120,81,100,51,81,71,95,110,102,70,53,49,100,105,85,79,57,95,86,121,99,88,101,78,54,86,120,98,45,101,76,122,98,87,66,75,71,84,88,113,79,97,49,80,82,45,66,80,76,78,104,107,53,108,120,45,75,89,108,65,101,120,121,85,54,72,67,10,115,116,98,90,55,70,110,112,105,113,77,54,65,65,108,51,70,82,52,52,116,100,95,115,79,101,99,79,57,107,118,67,104,95,88,73,55,85,51,97,55,72,53,50,122,120,78,116,102,95,45,101,115,69,65,108,116,87,75,48,51,112,86,95,55,56,45,98,104,67,120,48,99,111,50,81,10,76,65,99,102,69,76,101,104,85,85,70,81,72,103,76,76,101,116,81,113,80,51,111,89,68,71,74,84,111,107,104,117,66,83,100,88,95,89,95,76,56,112,55,122,110,122,97,113,65,54,117,103,72,80,98,99,84,122,121,76,100,119,90,95,108,51,82,48,122,106,55,66,85,97,103,76,10,108,70,52,51,112,80,112,83,71,83,106,99,100,73,67,101,115,54,121,50,116,87,78,120,80,50,82,78,89,80,95,101,114,77,50,95,77,70,104,75,85,53,74,67,79,68,45,82,101,107,108,116,119,98,78,65,81,115,101,97,120,79,82,87,105,112,72,76,65,108,53,86,75,115,71,85,10,66,69,72,114,113,101,97,98,108,89,79,109,79,45,105,108,122,56,111,120,119,53,72,74,82,80,116,45,118,66,77,74,87,87,67,114,50,116,109,71,107,52,75,72,101,111,85,102,116,68,82,101,114,45,107,106,103,68,85,98,75,52,88,101,57,121,51,110,49,101,81,53,104,70,54,118,10,114,105,55,116,72,98,82,72,111,56,53,108,52,69,113,105,122,55,114,80,119,120,51,98,76,56,85,115,121,55,109,85,48,68,100,108,65,67,53,77,95,51,112,98,50,117,117,100,98,109,108,115,120,71,69,68,65,122,110,88,97,118,70,85,51,75,50,97,87,110,118,108,112,108,48,89,10,65,105,88,99,48,52,97,102,49,69,106,89,106,122,115,82,116,45,120,70,68,109,54,65,107,45,85,66,118,122,112,74,57,106,77,72,103,113,104,85,100,85,115,71,90,66,105,87,70,112,86,57,113,117,70,54,97,75,110,85,82,49,103,67,118,87,81,76,114,80,119,45,66,85,87,65,10,97,83,67,111,49,53,79,45,72,77,85,86,83,100,97,111,82,99,104,118,112,104,49,82,120,77,88,87,56,86,67,122,57,113,116,57,110,106,109,75,100,106,56,54,85,52,82,103,50,78,114,78,53,111,106,45,51,108,101,51,69,54,57,78,57,101,57,100,88,121,50,55,99,104,52,117,10,67,51,108,122,97,89,77,79,88,77,57,112,54,54,51,73,52,117,68,67,56,121,50,104,122,87,77,85,110,101,105,80,10",
  "calledFrom": "android.util.Base64.encode(Base64.java:494)"
}

[API_Monitor]
{
  "category": "Base64 encode/decode",
  "class": "android.util.Base64",
  "method": "encode",
  "args": "[[76,-53,92,91,-62,-120,22,-52,111,56,48,-24,108,2,114,-56,53,1,84,12,-18,59,98,-127,-87,10,-95,-64,90,79,127,71,4,33,89,-22,-78,-25,-51,-61,106,-118,-88,102,-17,-52,-61,-127,-33,42,-104,-84,-45,-118,-118,99,-105,-98,33,-116,-92,13,-41,-50,-79,65,87,-98,70,-34,10,-24,100,-22,28,82,121,-115,115,-20,0,13,57,-81,-12,95,-34,19,7,-8,7,51,96,-123,119,55,-124,-82,4,-29,-41,46,114,71,14,-28,-97,52,-89,-63,19,110,95,37,-26,-61,-94,92,-79,0,11,-71,15,114,92,98,-20,-85,-25,-116,33,44,109,9,-126,-85,43,-62,3,44,118,35,-46,85,109,-110,8,5,-33,-4,70,120,42,26,-53,-46,-94,101,54,-111,69,-116,7,49,-50,38,-116,77,-32,-36,82,-74,103,-32,89,10,47,78,92,102,59,-57,94,121,90,95,125,62,-7,-10,-34,2,-127,-89,-40,80,95,59,66,-36,-100,-53,-63,-29,-41,-108,69,105,-99,-28,45,63,48,-54,92,4,-115,49,101,79,-84,15,-47,40,-15,94,-4,-121,61,-9,-6,-17,83,12,112,55,58,-26,18,-83,-41,-88,-28,81,-12,19,-86,-85,125,-14,-106,-81,-29,-56,16,16,-73,59,83,38,-102,-58,-2,-87,71,108,125,45,-21,84,-56,25,-96,102,-88,65,-54,2,58,114,122,76,-77,-39,-32,-81,-63,55,112,-8,44,-87,37,71,37,85,9,118,12,-107,-47,-67,-1,43,-34,1,88,-65,110,113,-2,-30,-94,75,22,65,24,59,-43,76,-89,-12,-35,-54,-37,-128,38,99,-85,61,61,32,-51,-24,-21,26,-81,58,-89,44,-91,63,57,-37,-47,63,-12,-122,94,-2,22,110,45,57,71,120,-109,21,-72,-28,-82,74,-17,74,-8,-41,-12,83,7,52,-62,-91,-20,23,117,-7,47,-113,-93,93,76,-109,-74,-126,-99,116,91,-29,40,-31,5,51,58,-32,-30,100,-6,-34,-61,119,-70,21,-92,-1,-36,-32,110,71,56,-19,96,-57,27,-70,68,40,46,31,-31,4,53,40,-6,55,58,33,-97,40,-99,53,25,31,117,95,54,-80,118,-78,-48,-16,-19,-45,23,-29,17,-55,16,-71,123,-22,-97,48,120,-21,-53,44,30,46,62,-121,-93,52,-109,20,29,-35,1,-65,-99,-15,121,-43,-40,-108,59,-33,-43,-55,-59,-34,55,-91,113,111,-25,-117,-51,-75,-127,40,100,-41,-88,-26,-75,61,31,-127,60,-77,97,-109,-103,113,-8,-90,37,1,-20,114,83,-95,-62,-78,-42,-39,-20,89,-23,-118,-93,58,0,9,119,21,30,56,-75,-33,-20,57,-25,14,-10,75,-62,-121,-11,-56,-19,77,-38,-20,126,118,-49,19,109,127,-1,-98,-80,64,37,-75,98,-76,-34,-107,127,-17,-49,-101,-124,44,116,114,-115,-112,44,7,31,16,-73,-95,81,65,80,30,2,-53,122,-44,42,63,122,24,12,98,83,-94,72,110,5,39,87,-3,-113,-53,-14,-98,-13,-97,54,-86,3,-85,-96,28,-10,-36,79,60,-117,119,6,127,-105,116,116,-50,62,-63,81,-88,11,-108,94,55,-92,-6,82,25,40,-36,116,-128,-98,-77,-84,-74,-75,99,113,63,100,77,96,-1,-34,-84,-51,-65,48,88,74,83,-110,66,56,63,-111,122,73,109,-63,-77,64,66,-57,-102,-60,-28,86,-118,-111,-53,2,94,85,42,-63,-108,4,65,-21,-87,-26,-101,-107,-125,-90,59,-24,-91,-49,-54,49,-61,-111,-55,68,-5,126,-68,19,9,89,96,-85,-38,-39,-122,-109,-126,-121,122,-123,31,-76,52,94,-81,-23,35,-128,53,27,43,-123,-34,-9,45,-25,-43,-28,57,-124,94,-81,-82,46,-19,29,-76,71,-93,-50,101,-32,74,-94,-49,-70,-49,-61,29,-37,47,-59,44,-53,-71,-108,-48,55,101,0,46,76,-1,122,91,-38,-21,-99,110,105,108,-60,97,3,3,57,-41,106,-15,84,-36,-83,-102,90,123,-27,-90,93,24,2,37,-36,-45,-122,-97,-44,72,-40,-113,59,17,-73,-20,69,14,110,-128,-109,-27,1,-65,58,73,-10,51,7,-126,-88,84,117,75,6,100,24,-106,22,-107,125,-86,-31,122,104,-87,-44,71,88,2,-67,100,11,-84,-4,62,5,69,-128,105,32,-88,-41,-109,-66,28,-59,21,73,-42,-88,69,-56,111,-90,29,81,-60,-59,-42,-15,80,-77,-10,-85,125,-98,57,-118,118,63,58,83,-124,96,-40,-38,-51,-26,-120,-2,-34,87,-73,19,-81,77,-11,-17,93,95,45,-69,114,30,46,11,121,115,105,-125,14,92,-49,105,-21,-83,-56,-30,-32,-62,-13,45,-95,-51,99,20,-99,-24,-113],8]",
  "returnValue": "84,77,116,99,87,56,75,73,70,115,120,118,79,68,68,111,98,65,74,121,121,68,85,66,86,65,122,117,79,50,75,66,113,81,113,104,119,70,112,80,102,48,99,69,73,86,110,113,115,117,102,78,119,50,113,75,113,71,98,118,122,77,79,66,51,121,113,89,114,78,79,75,105,109,79,88,10,110,105,71,77,112,65,51,88,122,114,70,66,86,53,53,71,51,103,114,111,90,79,111,99,85,110,109,78,99,45,119,65,68,84,109,118,57,70,95,101,69,119,102,52,66,122,78,103,104,88,99,51,104,75,52,69,52,57,99,117,99,107,99,79,53,74,56,48,112,56,69,84,98,108,56,108,10,53,115,79,105,88,76,69,65,67,55,107,80,99,108,120,105,55,75,118,110,106,67,69,115,98,81,109,67,113,121,118,67,65,121,120,50,73,57,74,86,98,90,73,73,66,100,95,56,82,110,103,113,71,115,118,83,111,109,85,50,107,85,87,77,66,122,72,79,74,111,120,78,52,78,120,83,10,116,109,102,103,87,81,111,118,84,108,120,109,79,56,100,101,101,86,112,102,102,84,55,53,57,116,52,67,103,97,102,89,85,70,56,55,81,116,121,99,121,56,72,106,49,53,82,70,97,90,51,107,76,84,56,119,121,108,119,69,106,84,70,108,84,54,119,80,48,83,106,120,88,118,121,72,10,80,102,102,54,55,49,77,77,99,68,99,54,53,104,75,116,49,54,106,107,85,102,81,84,113,113,116,57,56,112,97,118,52,56,103,81,69,76,99,55,85,121,97,97,120,118,54,112,82,50,120,57,76,101,116,85,121,66,109,103,90,113,104,66,121,103,73,54,99,110,112,77,115,57,110,103,10,114,56,69,51,99,80,103,115,113,83,86,72,74,86,85,74,100,103,121,86,48,98,51,95,75,57,52,66,87,76,57,117,99,102,55,105,111,107,115,87,81,82,103,55,49,85,121,110,57,78,51,75,50,52,65,109,89,54,115,57,80,83,68,78,54,79,115,97,114,122,113,110,76,75,85,95,10,79,100,118,82,80,95,83,71,88,118,52,87,98,105,48,53,82,51,105,84,70,98,106,107,114,107,114,118,83,118,106,88,57,70,77,72,78,77,75,108,55,66,100,49,45,83,45,80,111,49,49,77,107,55,97,67,110,88,82,98,52,121,106,104,66,84,77,54,52,79,74,107,45,116,55,68,10,100,55,111,86,112,80,95,99,52,71,53,72,79,79,49,103,120,120,117,54,82,67,103,117,72,45,69,69,78,83,106,54,78,122,111,104,110,121,105,100,78,82,107,102,100,86,56,50,115,72,97,121,48,80,68,116,48,120,102,106,69,99,107,81,117,88,118,113,110,122,66,52,54,56,115,115,10,72,105,52,45,104,54,77,48,107,120,81,100,51,81,71,95,110,102,70,53,49,100,105,85,79,57,95,86,121,99,88,101,78,54,86,120,98,45,101,76,122,98,87,66,75,71,84,88,113,79,97,49,80,82,45,66,80,76,78,104,107,53,108,120,45,75,89,108,65,101,120,121,85,54,72,67,10,115,116,98,90,55,70,110,112,105,113,77,54,65,65,108,51,70,82,52,52,116,100,95,115,79,101,99,79,57,107,118,67,104,95,88,73,55,85,51,97,55,72,53,50,122,120,78,116,102,95,45,101,115,69,65,108,116,87,75,48,51,112,86,95,55,56,45,98,104,67,120,48,99,111,50,81,10,76,65,99,102,69,76,101,104,85,85,70,81,72,103,76,76,101,116,81,113,80,51,111,89,68,71,74,84,111,107,104,117,66,83,100,88,95,89,95,76,56,112,55,122,110,122,97,113,65,54,117,103,72,80,98,99,84,122,121,76,100,119,90,95,108,51,82,48,122,106,55,66,85,97,103,76,10,108,70,52,51,112,80,112,83,71,83,106,99,100,73,67,101,115,54,121,50,116,87,78,120,80,50,82,78,89,80,95,101,114,77,50,95,77,70,104,75,85,53,74,67,79,68,45,82,101,107,108,116,119,98,78,65,81,115,101,97,120,79,82,87,105,112,72,76,65,108,53,86,75,115,71,85,10,66,69,72,114,113,101,97,98,108,89,79,109,79,45,105,108,122,56,111,120,119,53,72,74,82,80,116,45,118,66,77,74,87,87,67,114,50,116,109,71,107,52,75,72,101,111,85,102,116,68,82,101,114,45,107,106,103,68,85,98,75,52,88,101,57,121,51,110,49,101,81,53,104,70,54,118,10,114,105,55,116,72,98,82,72,111,56,53,108,52,69,113,105,122,55,114,80,119,120,51,98,76,56,85,115,121,55,109,85,48,68,100,108,65,67,53,77,95,51,112,98,50,117,117,100,98,109,108,115,120,71,69,68,65,122,110,88,97,118,70,85,51,75,50,97,87,110,118,108,112,108,48,89,10,65,105,88,99,48,52,97,102,49,69,106,89,106,122,115,82,116,45,120,70,68,109,54,65,107,45,85,66,118,122,112,74,57,106,77,72,103,113,104,85,100,85,115,71,90,66,105,87,70,112,86,57,113,117,70,54,97,75,110,85,82,49,103,67,118,87,81,76,114,80,119,45,66,85,87,65,10,97,83,67,111,49,53,79,45,72,77,85,86,83,100,97,111,82,99,104,118,112,104,49,82,120,77,88,87,56,86,67,122,57,113,116,57,110,106,109,75,100,106,56,54,85,52,82,103,50,78,114,78,53,111,106,45,51,108,101,51,69,54,57,78,57,101,57,100,88,121,50,55,99,104,52,117,10,67,51,108,122,97,89,77,79,88,77,57,112,54,54,51,73,52,117,68,67,56,121,50,104,122,87,77,85,110,101,105,80,10",
  "calledFrom": "android.util.Base64.encodeToString(Base64.java:456)"
}

[API_Monitor]
{
  "category": "Base64 encode/decode",
  "class": "android.util.Base64",
  "method": "encodeToString",
  "args": "[[76,-53,92,91,-62,-120,22,-52,111,56,48,-24,108,2,114,-56,53,1,84,12,-18,59,98,-127,-87,10,-95,-64,90,79,127,71,4,33,89,-22,-78,-25,-51,-61,106,-118,-88,102,-17,-52,-61,-127,-33,42,-104,-84,-45,-118,-118,99,-105,-98,33,-116,-92,13,-41,-50,-79,65,87,-98,70,-34,10,-24,100,-22,28,82,121,-115,115,-20,0,13,57,-81,-12,95,-34,19,7,-8,7,51,96,-123,119,55,-124,-82,4,-29,-41,46,114,71,14,-28,-97,52,-89,-63,19,110,95,37,-26,-61,-94,92,-79,0,11,-71,15,114,92,98,-20,-85,-25,-116,33,44,109,9,-126,-85,43,-62,3,44,118,35,-46,85,109,-110,8,5,-33,-4,70,120,42,26,-53,-46,-94,101,54,-111,69,-116,7,49,-50,38,-116,77,-32,-36,82,-74,103,-32,89,10,47,78,92,102,59,-57,94,121,90,95,125,62,-7,-10,-34,2,-127,-89,-40,80,95,59,66,-36,-100,-53,-63,-29,-41,-108,69,105,-99,-28,45,63,48,-54,92,4,-115,49,101,79,-84,15,-47,40,-15,94,-4,-121,61,-9,-6,-17,83,12,112,55,58,-26,18,-83,-41,-88,-28,81,-12,19,-86,-85,125,-14,-106,-81,-29,-56,16,16,-73,59,83,38,-102,-58,-2,-87,71,108,125,45,-21,84,-56,25,-96,102,-88,65,-54,2,58,114,122,76,-77,-39,-32,-81,-63,55,112,-8,44,-87,37,71,37,85,9,118,12,-107,-47,-67,-1,43,-34,1,88,-65,110,113,-2,-30,-94,75,22,65,24,59,-43,76,-89,-12,-35,-54,-37,-128,38,99,-85,61,61,32,-51,-24,-21,26,-81,58,-89,44,-91,63,57,-37,-47,63,-12,-122,94,-2,22,110,45,57,71,120,-109,21,-72,-28,-82,74,-17,74,-8,-41,-12,83,7,52,-62,-91,-20,23,117,-7,47,-113,-93,93,76,-109,-74,-126,-99,116,91,-29,40,-31,5,51,58,-32,-30,100,-6,-34,-61,119,-70,21,-92,-1,-36,-32,110,71,56,-19,96,-57,27,-70,68,40,46,31,-31,4,53,40,-6,55,58,33,-97,40,-99,53,25,31,117,95,54,-80,118,-78,-48,-16,-19,-45,23,-29,17,-55,16,-71,123,-22,-97,48,120,-21,-53,44,30,46,62,-121,-93,52,-109,20,29,-35,1,-65,-99,-15,121,-43,-40,-108,59,-33,-43,-55,-59,-34,55,-91,113,111,-25,-117,-51,-75,-127,40,100,-41,-88,-26,-75,61,31,-127,60,-77,97,-109,-103,113,-8,-90,37,1,-20,114,83,-95,-62,-78,-42,-39,-20,89,-23,-118,-93,58,0,9,119,21,30,56,-75,-33,-20,57,-25,14,-10,75,-62,-121,-11,-56,-19,77,-38,-20,126,118,-49,19,109,127,-1,-98,-80,64,37,-75,98,-76,-34,-107,127,-17,-49,-101,-124,44,116,114,-115,-112,44,7,31,16,-73,-95,81,65,80,30,2,-53,122,-44,42,63,122,24,12,98,83,-94,72,110,5,39,87,-3,-113,-53,-14,-98,-13,-97,54,-86,3,-85,-96,28,-10,-36,79,60,-117,119,6,127,-105,116,116,-50,62,-63,81,-88,11,-108,94,55,-92,-6,82,25,40,-36,116,-128,-98,-77,-84,-74,-75,99,113,63,100,77,96,-1,-34,-84,-51,-65,48,88,74,83,-110,66,56,63,-111,122,73,109,-63,-77,64,66,-57,-102,-60,-28,86,-118,-111,-53,2,94,85,42,-63,-108,4,65,-21,-87,-26,-101,-107,-125,-90,59,-24,-91,-49,-54,49,-61,-111,-55,68,-5,126,-68,19,9,89,96,-85,-38,-39,-122,-109,-126,-121,122,-123,31,-76,52,94,-81,-23,35,-128,53,27,43,-123,-34,-9,45,-25,-43,-28,57,-124,94,-81,-82,46,-19,29,-76,71,-93,-50,101,-32,74,-94,-49,-70,-49,-61,29,-37,47,-59,44,-53,-71,-108,-48,55,101,0,46,76,-1,122,91,-38,-21,-99,110,105,108,-60,97,3,3,57,-41,106,-15,84,-36,-83,-102,90,123,-27,-90,93,24,2,37,-36,-45,-122,-97,-44,72,-40,-113,59,17,-73,-20,69,14,110,-128,-109,-27,1,-65,58,73,-10,51,7,-126,-88,84,117,75,6,100,24,-106,22,-107,125,-86,-31,122,104,-87,-44,71,88,2,-67,100,11,-84,-4,62,5,69,-128,105,32,-88,-41,-109,-66,28,-59,21,73,-42,-88,69,-56,111,-90,29,81,-60,-59,-42,-15,80,-77,-10,-85,125,-98,57,-118,118,63,58,83,-124,96,-40,-38,-51,-26,-120,-2,-34,87,-73,19,-81,77,-11,-17,93,95,45,-69,114,30,46,11,121,115,105,-125,14,92,-49,105,-21,-83,-56,-30,-32,-62,-13,45,-95,-51,99,20,-99,-24,-113],8]",
  "returnValue": "TMtcW8KIFsxvODDobAJyyDUBVAzuO2KBqQqhwFpPf0cEIVnqsufNw2qKqGbvzMOB3yqYrNOKimOX\nniGMpA3XzrFBV55G3groZOocUnmNc-wADTmv9F_eEwf4BzNghXc3hK4E49cuckcO5J80p8ETbl8l\n5sOiXLEAC7kPclxi7KvnjCEsbQmCqyvCAyx2I9JVbZIIBd_8RngqGsvSomU2kUWMBzHOJoxN4NxS\ntmfgWQovTlxmO8deeVpffT759t4CgafYUF87Qtycy8Hj15RFaZ3kLT8wylwEjTFlT6wP0SjxXvyH\nPff671MMcDc65hKt16jkUfQTqqt98pav48gQELc7Uyaaxv6pR2x9LetUyBmgZqhBygI6cnpMs9ng\nr8E3cPgsqSVHJVUJdgyV0b3_K94BWL9ucf7ioksWQRg71Uyn9N3K24AmY6s9PSDN6OsarzqnLKU_\nOdvRP_SGXv4Wbi05R3iTFbjkrkrvSvjX9FMHNMKl7Bd1-S-Po11Mk7aCnXRb4yjhBTM64OJk-t7D\nd7oVpP_c4G5HOO1gxxu6RCguH-EENSj6NzohnyidNRkfdV82sHay0PDt0xfjEckQuXvqnzB468ss\nHi4-h6M0kxQd3QG_nfF51diUO9_VycXeN6Vxb-eLzbWBKGTXqOa1PR-BPLNhk5lx-KYlAexyU6HC\nstbZ7FnpiqM6AAl3FR44td_sOecO9kvCh_XI7U3a7H52zxNtf_-esEAltWK03pV_78-bhCx0co2Q\nLAcfELehUUFQHgLLetQqP3oYDGJTokhuBSdX_Y_L8p7znzaqA6ugHPbcTzyLdwZ_l3R0zj7BUagL\nlF43pPpSGSjcdICes6y2tWNxP2RNYP_erM2_MFhKU5JCOD-RekltwbNAQseaxORWipHLAl5VKsGU\nBEHrqeablYOmO-ilz8oxw5HJRPt-vBMJWWCr2tmGk4KHeoUftDRer-kjgDUbK4Xe9y3n1eQ5hF6v\nri7tHbRHo85l4Eqiz7rPwx3bL8Usy7mU0DdlAC5M_3pb2uudbmlsxGEDAznXavFU3K2aWnvlpl0Y\nAiXc04af1EjYjzsRt-xFDm6Ak-UBvzpJ9jMHgqhUdUsGZBiWFpV9quF6aKnUR1gCvWQLrPw-BUWA\naSCo15O-HMUVSdaoRchvph1RxMXW8VCz9qt9njmKdj86U4Rg2NrN5oj-3le3E69N9e9dXy27ch4u\nC3lzaYMOXM9p663I4uDC8y2hzWMUneiP\n",
  "calledFrom": "it.ministerodellasalute.verificaC19sdk.security.SecurityKeyWrapper.encrypt(SecurityKeyWrapper.kt:55)"
}
